241
73
1
2
3
4
5
6
7
8
9
10
11
12
13
14
15
16
17
18
19
20
21
22
23
24
25
26
27
28
29
30
31
32
33
34
35
36
37
38
39
40
41
42
43
44
45
46
47
48
49
50
51
52
53
54
55
56
57
58
59
60
61
62
63
64
65
66
67
68
69
70
71
72
73
73
1 2 3
1 3 2
1 4 5
2 5 1
2 6 2
3 6 1
3 7 2
3 8 3
4 7 2
4 9 1
4 10 3
5 11 2
5 12 4
5 8 2
6 11 1
6 13 3
6 14 4
7 13 4
7 15 3
7 16 2
8 15 2
8 16 3
9 16 2
9 17 1
9 18 2
10 17 3
10 18 2
10 19 1
11 20 1
11 21 2
11 22 3
12 21 1
12 23 2
12 24 3
13 23 1
13 25 2
13 24 3
14 25 1
14 26 2
14 27 3
15 26 1
15 27 2
15 28 3
16 26 1
16 27 2
16 28 3
17 29 1
17 30 3
17 31 2
18 29 2
18 32 3
18 33 1
19 32 1
19 33 2
19 34 3
20 33 1
20 35 2
20 36 3
21 35 1
21 37 2
21 38 3
22 37 2
22 39 3
22 40 1
23 39 2
23 40 3
23 41 1
24 39 2
24 40 3
24 41 1
25 39 2
25 40 3
25 41 1
26 40 1
26 42 2
26 43 3
27 42 1
27 43 2
27 44 3
28 42 1
28 43 2
28 44 3
29 45 1
29 46 2
29 47 3
30 46 1
30 47 2
30 48 3
31 46 1
31 47 2
31 48 3
32 46 1
32 47 2
32 48 3
33 46 1
33 47 2
33 48 3
34 47 1
34 48 2
34 49 3
35 48 1
35 50 2
35 51 3
36 50 1
36 51 2
36 52 3
37 50 1
37 51 2
37 52 3
38 50 1
38 51 2
38 52 3
39 50 1
39 51 2
39 52 3
40 51 1
40 52 2
40 53 3
41 52 1
41 53 2
41 54 3
42 53 1
42 54 2
42 55 3
43 53 1
43 54 2
43 55 3
44 53 1
44 54 2
44 55 3
45 54 1
45 55 2
45 56 3
46 55 1
46 56 2
46 57 3
47 56 1
47 57 2
47 58 3
48 56 1
48 57 2
48 58 3
49 57 1
49 58 2
49 59 3
50 58 1
50 59 2
50 60 3
51 58 1
51 59 2
51 60 3
52 59 1
52 60 2
52 61 3
53 60 1
53 61 2
53 62 3
54 60 1
54 61 2
54 62 3
55 60 1
55 61 2
55 62 3
56 61 1
56 62 2
56 63 3
57 62 1
57 63 2
57 64 3
58 62 1
58 63 2
58 64 3
59 62 1
59 63 2
59 64 3
60 63 1
60 64 2
60 65 3
61 64 1
61 65 2
61 66 3
62 64 1
62 65 2
62 66 3
63 64 1
63 65 2
63 66 3
64 65 1
64 66 2
64 67 3
65 66 1
65 67 2
65 68 3
66 67 1
66 68 2
66 69 3
67 68 1
67 69 2
67 70 3
68 69 1
68 70 2
68 71 3
69 70 1
69 71 2
69 72 3
70 71 1
70 72 2
70 73 3
71 72 1
71 73 2
71 74 3
72 73 1
72 74 2
72 75 3
73 74 1
73 75 2
73 76 3
74 75 1
74 76 2
74 77 3
75 76 1
75 77 2
75 78 3
76 77 1
76 78 2
76 79 3
77 78 1
77 79 2
77 80 3
78 79 1
78 80 2
78 81 3
79 80 1
79 81 2
79 82 3
80 81 1
80 82 2
80 83 3
81 82 1
81 83 2
81 84 3
82 83 1
82 84 2
82 85 3
83 84 1
83 85 2
83 86 3
84 85 1
84 86 2
84 87 3
85 86 1
85 87 2
85 88 3
86 87 1
86 88 2
86 89 3
87 88 1
87 89 2
87 90 3
88 89 1
88 90 2
88 91 3
89 90 1
89 91 2
89 92 3
90 91 1
90 92 2
90 93 3
91 92 1
91 93 2
91 94 3
92 93 1
92 94 2
92 95 3
93 94 1
93 95 2
93 96 3
94 95 1
94 96 2
94 97 3
95 96 1
95 97 2
95 98 3
96 97 1
96 98 2
96 99 3
97 98 1
97 99 2
97 100 3
98 99 1
98 100 2
99 100 1